1965 47.3 -122.333 65.7 6.5
1966 49.8 -129.717 1.7 5.6
1967 40.4 -124.632 17.9 5.6
1968 43.5 -128.046 11.9 6.1
1969 43.5 -127.625 7.5 5.5
1970 43.5 -127.816 15.0 5.9
1971 48.7 -129.615 8.8 5.7
1971 49.4 -129.678 15.0 6.0
1972 40.4 -125.419 8.2 5.9
1972 42.5 -126.453 21.4 5.5
1972 49.4 -127.387 26.0 5.7
1975 40.5 -124.183 11.1 5.7
1976 41.3 -125.771 0.3 6.7
1976 48.7 -129.240 19.6 6.7
1976 41.7 -126.108 2.2 5.5
1977 44.1 -129.156 2.8 5.5
1978 49.2 -129.512 15.0 6.3
1979 41.0 -127.318 8.7 5.5
1980 46.3 -121.994 15.0 5.5
1980 49.4 -129.736 7.6 6.7
1981 43.4 -127.900 7.9 6.4
1981 43.5 -127.413 6.3 5.6
1983 40.2 -124.620 24.3 6.1
1983 40.3 -125.151 0.8 5.7
1984 40.3 -126.913 6.3 6.6
1985 43.4 -127.721 11.1 6.4
1987 40.3 -124.196 17.7 5.9
1990 42.4 -126.785 18.8 5.5
1991 42.2 -125.761 14.0 6.8
1991 41.6 -125.506 15.0 6.2
1991 40.2 -124.110 15.8 6.0
1991 48.9 -128.682 15.0 5.6
1991 48.8 -128.754 6.6 5.5
1992 48.6 -129.387 15.0 5.9
1992 40.5 -124.254 30.7 6.4
1992 40.4 -124.407 24.5 6.6
1993 42.3 -122.002 9.0 5.8
1993 42.3 -122.092 34.6 5.8
1994 43.5 -127.543 15.9 6.3
1995 40.5 -125.582 19.8 6.6
1996 47.8 -121.745 8.7 5.8
1996 48.9 -128.049 5.1 6.1
1996 49.6 -129.789 15.4 5.5
1999 49.3 -129.194 10.0 5.7
1999 47.0 -123.234 48.9 5.6
2000 43.6 -127.080 7.0 6.0
2000 40.3 -124.940 14.6 5.9
2001 49.1 -128.960 10.1 6.0
2001 47.0 -122.580 54.0 6.8
2001 48.8 -128.330 8.0 5.9
2002 43.4 -127.380 8.0 5.8
2003 44.1 -129.140 9.0 6.2
2004 49.5 -127.090 16.0 6.3
2004 49.1 -128.940 6.8 6.6
2005 40.6 -126.610 13.2 6.6
